1.1::256,232,385,232,384,349,256,349
1.2::12,49,395,48,395,170,385,170,385,230,301,230,302,221,246,222,246,298,23,300,13,300
1.3::395,50,543,49,542,214,395,214
1.4::393,223,543,223,543,349,394,350,394,312,385,312,385,257,394,256
2.1::450,310,534,310,534,476,451,477
2.2::450,400,148,400,148,391,88,391,88,397,41,397,42,476,89,476,89,496,162,495,162,475,451,476
2.3::218,292,291,292,291,311,443,310,442,392,368,392,368,399,309,399,310,390,220,390
2.4::41,294,211,294,210,390,42,391
2.5::42,48,290,48,289,283,165,283,164,293,84,293,84,283,42,284
2.6::42,516,89,516,89,496,163,496,163,516,290,516,289,934,43,934
3.1::260,15,486,14,486,176,378,177,378,132,369,132,369,184,261,185
3.2::12,16,251,16,251,73,259,72,259,128,250,126,250,131,13,131
3.3::12,140,250,141,250,186,260,185,260,432,13,432
3.4::260,185,487,186,488,450,289,451,289,434,260,434
4.1::215,21,215,191,130,192,130,114,121,114,121,158,13,158,12,22
4.2::223,21,446,20,444,139,225,137,225,129,215,128,215,72,224,72
4.3::215,193,214,457,431,456,431,438,444,438,444,148,223,148,224,192
4.4::13,168,123,168,122,192,215,192,213,456,13,456
5.1::12,303,26,303,26,266,129,267,129,258,190,258,190,267,208,267,206,382,12,383
5.2::26,119,196,120,196,257,26,257
5.3::207,108,274,42,511,42,510,382,407,383,407,403,332,404,331,382,208,383
5.4::332,403,407,403,407,423,427,423,427,429,468,429,467,498,458,498,458,504,375,504,375,514,306,514,306,505,301,505,301,424,332,423
5.5::467,429,494,429,494,422,667,423,667,840,468,840
5.6::173,567,300,566,300,515,458,515,458,841,174,841
5.7::173,424,292,423,292,429,300,428,300,499,291,502,291,558,174,558
6.1::12,108,157,109,157,161,177,160,177,240,158,241,157,280,12,281
6.2::12,289,57,289,57,281,119,281,119,289,157,289,156,450,12,450
6.3::179,159,199,160,199,136,211,136,211,127,272,127,272,135,281,135,281,144,290,144,290,211,281,211,281,253,290,253,290,323,280,323,280,494,199,495,199,240,179,240
6.4::198,12,323,12,322,126,198,126
6.5::291,136,332,136,331,13,613,12,612,237,291,237
6.6::291,248,613,248,612,439,306,439,291,439
6.7::289,450,614,450,612,908,199,908,197,495,290,495
7.1::11,487,18,487,17,440,139,440,139,448,183,448,182,568,37,568,37,563,12,563
7.2::17,218,44,219,44,210,101,210,101,219,153,219,153,340,111,340,111,350,162,349,162,439,17,440
7.3::163,218,169,218,168,210,229,210,229,220,467,220,467,472,452,472,451,568,194,568,193,449,239,448,239,439,163,440
7.4::162,12,467,11,467,209,163,209
7.5::17,11,153,11,152,210,18,210
8.1::389,402,469,403,468,519,393,519,393,510,350,510,349,411,389,411
8.2::349,401,349,380,340,380,340,320,350,320,350,211,379,211,379,203,437,203,437,212,469,212,468,308,441,308,441,317,468,317,468,401
8.3::372,12,469,12,469,203,372,203
8.4::49,318,341,317,339,510,49,510
8.5::49,12,363,12,362,202,317,202,317,211,350,211,349,307,49,307
9.1::271,41,356,41,356,200,272,201
9.2::48,42,262,41,262,89,271,89,271,145,48,146
9.3::49,155,261,155,261,202,355,201,355,309,49,308
9.4::49,308,355,307,355,557,49,557
9.5::49,565,289,566,289,557,349,557,349,564,356,565,356,589,361,589,361,693,356,693,355,752,49,752
9.6::368,499,469,499,468,752,366,752,366,692,361,692,361,589,368,589
10.1::13,13,114,13,114,105,134,105,134,166,114,166,113,208,13,208
10.2::136,105,156,105,156,22,291,22,290,153,300,153,300,212,291,212,291,344,283,344,283,353,227,353,227,345,156,345,156,233,203,233,203,225,156,225,156,167,136,167
10.3::155,353,290,353,291,580,156,580
10.4::291,238,578,238,578,267,606,267,606,288,606,579,300,579,300,353,345,353,345,345,292,345
10.5::300,23,578,21,577,227,301,227
11.1::13,340,43,340,41,285,161,285,159,530,42,531,42,401,13,401
11.2::160,414,203,414,203,423,169,423,169,530,464,530,465,41,173,41,174,276,219,275,219,285,160,284
11.3::42,40,165,40,165,276,157,276,157,285,102,285,103,276,43,277
12.1::932,86,941,86,941,41,1041,42,1040,129,1069,129,1069,204,1041,204,1041,231,1002,232,1002,239,945,239,945,231,932,231
12.2::942,239,1041,239,1041,491,942,490
12.3::558,41,932,41,931,491,559,491
12.4::250,128,259,129,259,71,291,71,291,41,550,41,549,88,558,88,558,176,418,176,418,186,357,186,358,177,341,177,341,270,258,271,250,263,250,204,260,204,260,187,250,187
12.5::348,187,550,186,548,491,304,490,303,279,350,279
12.6::42,203,251,203,250,279,296,278,295,491,43,491
12.7::42,42,222,42,222,72,250,72,250,193,42,193
12-1.1::811,85,821,85,821,41,1042,41,1041,128,1070,128,1070,203,811,203
12-1.2::721,213,813,213,813,254,822,254,820,213,1042,214,1041,490,721,491
12-1.3::259,72,279,72,279,42,810,42,812,203,809,203,808,212,733,212,734,203,260,203
12-1.4::42,203,667,204,667,213,713,213,712,490,42,490
12-1.5::42,41,221,41,222,72,249,72,249,106,259,106,259,163,250,163,250,192,42,193